0,649
85,5
85,4
85,3
85,1
85,0
84,5
84,4
84,3
84,1
13,14
84,0
83,6
83,5
83,4
83,3
83,1
13,11
83,0
82,5
82,4
82,3
82,1
82,0
74,6
74,5
74,4
10,12
74,3
10,22
74,1
10,2
74,0
28,2
20,5
20,2
20,1
19,10
21,7
19,9
21,6
19,8
21,2
19,7
21,1
19,6
21,5
19,5
19,2
19,1
17,8
17,7
17,6
17,2
17,1
17,5
16,6
15,2
18,7
14,2
18,6
13,70
13,69
18,2
13,65
18,1
13,59
18,5
13,56
13,63
13,47
13,57
13,46
13,44
13,43
13,41
13,36
13,55
13,29
13,28
13,60
13,26
13,24
13,23
13,37
13,22
13,52
13,19
13,15
13,17
13,73
13,16
13,20
13,13
13,12
12,6
12,5
13,50
12,2
13,64
12,1
13,40
11,6
13,2
11,5
11,2
16,8
11,1
16,1
10,35
16,7
10,34
16,2
10,32
16,5
10,31
10,30
10,28
13,21
10,27
13,9
10,26
10,25
13,10
10,24
13,74
10,21
10,20
10,18
13,25
10,17
13,35
10,13
13,8
10,38
10,11
13,62
10,10
13,7
10,9
13,128
14,8
10,8
10,5
13,1
10,7
8,7
14,9
13,75
10,1
8,6
14,5
13,5
10,6
14,7
8,5
15,8
13,6
14,1
